3
EleusineJA56_contig240;19158
EleusineJA56_contig1129;4286
EleusineJA56_contig50;1309
31:1	EleusineJA56_contig240	100.000	116	0	0	1	116	275	160	6.04e-56	215
33:1	EleusineJA56_contig240	100.000	120	0	0	1	120	275	156	3.61e-58	222
34:1	EleusineJA56_contig240	99.167	120	1	0	1	120	275	156	1.68e-56	217
51:1	EleusineJA56_contig1129	100.000	90	0	0	1	90	1811	1900	1.19e-41	167
52:1	EleusineJA56_contig1129	100.000	90	0	0	31	120	1811	1900	1.71e-41	167
150:3	EleusineJA56_contig240	100.000	88	0	0	5	92	277	190	2.22e-40	163
162:1	EleusineJA56_contig240	98.095	105	2	0	16	120	284	180	1.70e-46	183
163:2	EleusineJA56_contig240	98.198	111	2	0	10	120	284	174	7.86e-50	195
190:1	EleusineJA56_contig240	100.000	106	0	0	1	106	275	170	2.19e-50	196
237:1	EleusineJA56_contig1129	100.000	76	0	0	7	82	1811	1886	1.04e-33	141
247:1	EleusineJA56_contig1129	100.000	114	0	0	7	120	1811	1924	7.81e-55	211
266:1	EleusineJA56_contig1129	100.000	61	0	0	13	73	1811	1871	2.26e-25	113
340:1	EleusineJA56_contig50	100.000	114	0	0	7	120	301	414	7.81e-55	211
